1
1
1
1
1
1
1
1
1
1
1
1
1
1
1
1
3
8
910
1
1
1
1
1
1
1
1
1
1
1
1
1
1
1
1
1
1
1
1
1
1
1
1
1
1
1
1
1
1
1
1
1
1
1
1
1
1
1
1
1
1
1
1
1
1
1
1
1
1
1
1
1
1
1
1
1
1
1
1
1
1
1
3
8
910
3
14
1
3
8
910
3
14
1
3
8
910
1
3
8
910
3
8
910
3
8
910
1
1
1
1
1
1
3
45
1
3
8
910
1
3
8
910
3
14
15
1617
1
1
1
1
1
1
3
14
15
18
1
1
1
1
1
1
3
14
15
18
1
1
1
1
1
1
1
1
3
14
15
18
1
1
1
1
1
1
3
14
15
18
1
1
1
1
1
1
3
14
15
18
1
1
1
1
1
1
3
14
15
18
1
1
1
1
1
1
1
1
1
1
1
1
1
1
1
1
1
1
1
1
3
14
15
18
3
14
15
18
1
1
1
1
1
1
3
8
910
3
14
15
1
1
1
1
1
1
1
1
1
1
3
14
15
1
1
1
1
1
1
1
1
1
1
1
1
1
1
1
1
3
14
15
1
1
1
1
1
1
1
1
1
1
3
14
15
1
1
1
1
1
1
1
1
1
1
3
14
15
18
3
14
15
18
1
1
1
1
1
1
1
1
1
1
1
1
1
1
3
14
15
18
1
1
1
1
1
1
1
1
1
1
1
1
3
14
15
18
3
45
1
1
1
1
3
8
910
3
8
3
8
910
3
14
15
1617
3
8
910
